=========== EXPERIMENTO 1: n=50, k=5 ==========

Depht-First:
Caminho percorrido: [(1.205, 11.335), (33.91, 43.61), (18.57, 47.241), (4.363, 19.601), (16.578, 10.177), (15.677, 47.252), (32.231, 44.932), (34.403, 22.23), (30.858, 2.089), (20.536, 4.59), (25.316, 39.361), (42.959, 12.012), (9.97, 12.464), (9.703, 6.674), (29.901, 40.264), (8.63, 5.538), (43.145, 27.065), (23.658, 1.055), (21.68, 25.287), (29.965, 33.172), (41.839, 8.941), (36.159, 32.278), (40.354, 38.905), (9.539, 33.428), (14.004, 32.177), (30.065, 27.126), (30.596, 21.285), (6.033, 42.877), (6.123, 21.447), (35.284, 10.185), (34.031, 4.2), (22.693, 14.256), (15.181, 45.623), (33.458, 28.537), (36.509, 28.838), (9.68, 29.808), (15.222, 1.507), (9.533, 24.394)]
Distância percorrida: 874.9288383757031

Breadth-First:
Caminho percorrido: [(1.205, 11.335), (32.231, 44.932), (14.271, 5.735), (34.403, 22.23), (18.57, 47.241), (29.901, 40.264), (9.533, 24.394)]
Distância percorrida: 183.602607396326

Best-First:
Caminho percorrido: [(1.205, 11.335), (32.231, 44.932), (14.271, 5.735), (8.817, 12.736), (6.033, 42.877), (6.123, 21.447), (28.037, 34.681), (18.549, 19.214), (4.978, 10.297), (30.596, 21.285), (11.44, 29.532), (16.578, 10.177), (9.533, 24.394)]
Distância percorrida: 294.0281166480494

A Half:
Caminho percorrido: [(1.205, 11.335), (32.231, 44.932), (15.677, 47.252), (16.578, 10.177), (9.533, 24.394)]
Distância percorrida: 115.40003058588343

A*:
Caminho percorrido: [(1.205, 11.335), (33.91, 43.61), (18.57, 47.241), (29.901, 40.264), (9.533, 24.394)]
Distância percorrida: 100.84022154173505

